Average Wait Time: 10.29
Arrival Times:
1.10
4.31
6.48
8.00
12.38
14.40
17.92
18.80
19.29
20.90
21.80
23.01
23.25
24.14
27.57
28.35
28.36
28.84
29.02
30.78
32.56
33.87
36.27
38.65
39.50
42.94
44.46
44.61
52.38
52.54
52.80
54.42
54.49
55.64
56.60
58.61
58.74
61.01
61.33
62.47
65.90
70.48
70.69
77.24
77.37
80.17
81.70
87.19
87.94
88.92
89.04
90.72
96.95
102.52
Departure Times:
1.77
5.51
8.62
10.98
12.59
14.64
20.79
22.71
28.09
28.93
29.62
31.65
32.81
34.26
35.58
35.75
36.61
44.96
49.73
52.15
55.08
55.50
55.93
57.14
57.92
58.06
58.53
60.80
63.75
64.60
66.63
66.75
66.77
66.92
68.89
70.80
71.80
72.21
75.12
82.55
84.05
84.07
84.24
85.18
87.52
87.98
88.11
88.76
89.07
90.38
92.65
97.90
98.68
